iterations, matrix_dim, etime, flops, cores
3376, 1024, 0.762455, 23214436104.425835, 10
3376, 1024, 0.708708, 24974972598.023445, 10
3376, 1024, 0.782234, 22627452757.103374, 10
3376, 1024, 0.726494, 24363536216.403717, 10
3376, 1024, 0.762420, 23215501796.909840, 10
3376, 1024, 0.773488, 22883306373.208118, 10
3376, 1024, 0.750409, 23587087681.517681, 10
3376, 1024, 0.778677, 22730815061.957657, 10
3376, 1024, 0.715544, 24736372438.312672, 10
3376, 1024, 0.754951, 23445181051.485462, 10
3376, 1024, 0.660393, 26802166104.122849, 11
3376, 1024, 0.667101, 26532658293.122032, 11
3376, 1024, 0.702312, 25202421260.066753, 11
3376, 1024, 0.687538, 25743977612.873760, 11
3376, 1024, 0.679610, 26044294345.286270, 11
3376, 1024, 0.674715, 26233243487.991226, 11
3376, 1024, 0.727840, 24318480545.174767, 11
3376, 1024, 0.670106, 26413676164.666485, 11
3376, 1024, 0.704737, 25115699729.118809, 11
3376, 1024, 0.688544, 25706364270.112007, 11
3376, 1024, 0.648922, 27275948234.148327, 12
3376, 1024, 0.625782, 28284550977.816559, 12
3376, 1024, 0.621901, 28461061937.510956, 12
3376, 1024, 0.660524, 26796850500.511715, 12
3376, 1024, 0.615737, 28745979013.767242, 12
3376, 1024, 0.643005, 27526944393.900517, 12
3376, 1024, 0.662577, 26713820250.325623, 12
3376, 1024, 0.628447, 28164607166.555016, 12
3376, 1024, 0.609376, 29046045265.977005, 12
3376, 1024, 0.645015, 27441164748.106632, 12
3376, 1024, 0.571618, 30964670251.811527, 13
3376, 1024, 0.596945, 29650910686.914207, 13
3376, 1024, 0.581760, 30424853685.368538, 13
3376, 1024, 0.615240, 28769200442.103893, 13
3376, 1024, 0.587825, 30110939276.145115, 13
3376, 1024, 0.621054, 28499877434.168365, 13
3376, 1024, 0.599206, 29539028113.870689, 13
3376, 1024, 0.602051, 29399441044.031155, 13
3376, 1024, 0.620755, 28513605013.249996, 13
3376, 1024, 0.582182, 30402799949.156796, 13
3376, 1024, 0.532381, 33246796711.377754, 14
3376, 1024, 0.553735, 31964681445.095581, 14
3376, 1024, 0.511688, 34591319085.067459, 14
3376, 1024, 0.562048, 31491906171.714870, 14
3376, 1024, 0.531239, 33318267070.000507, 14
3376, 1024, 0.567234, 31203987913.277412, 14
3376, 1024, 0.521859, 33917136391.247448, 14
3376, 1024, 0.596596, 29668256039.262749, 14
3376, 1024, 0.564027, 31381410606.229847, 14
3376, 1024, 0.539858, 32786330627.683578, 14
3376, 1024, 0.541515, 32686006629.548584, 15
3376, 1024, 0.526043, 33647368903.302586, 15
3376, 1024, 0.534268, 33129371177.012287, 15
3376, 1024, 0.527365, 33563021588.463402, 15
3376, 1024, 0.510097, 34699209914.976952, 15
3376, 1024, 0.555657, 31854116622.304771, 15
3376, 1024, 0.529944, 33399685400.721588, 15
3376, 1024, 0.541306, 32698626802.584862, 15
3376, 1024, 0.537383, 32937333112.510075, 15
3376, 1024, 0.534794, 33096786575.765621, 15
3376, 1024, 0.517745, 34186641841.060753, 16
3376, 1024, 0.482900, 36653474591.012634, 16
3376, 1024, 0.523262, 33826195825.418240, 16
3376, 1024, 0.458218, 38627820993.500916, 16
3376, 1024, 0.503908, 35125385745.016945, 16
3376, 1024, 0.509315, 34752486928.521645, 16
3376, 1024, 0.490634, 36075695691.696869, 16
3376, 1024, 0.541319, 32697841531.518383, 16
3376, 1024, 0.474013, 37340669728.467369, 16
3376, 1024, 0.494193, 35815891524.161613, 16
3376, 1024, 0.479460, 36916453677.053352, 17
3376, 1024, 0.494755, 35775207688.653976, 17
3376, 1024, 0.456398, 38781858991.494270, 17
3376, 1024, 0.494435, 35798361523.759445, 17
3376, 1024, 0.467088, 37894278765.457474, 17
3376, 1024, 0.505904, 34986801606.628922, 17
3376, 1024, 0.484659, 36520446086.836319, 17
3376, 1024, 0.493170, 35890185696.615768, 17
3376, 1024, 0.466211, 37965562545.714279, 17
3376, 1024, 0.513517, 34468114745.957779, 17
3376, 1024, 0.444023, 39862716300.732170, 18
3376, 1024, 0.474151, 37329801856.370651, 18
3376, 1024, 0.449661, 39362904232.299446, 18
3376, 1024, 0.505100, 35042492338.150864, 18
3376, 1024, 0.448094, 39500557650.850044, 18
3376, 1024, 0.465615, 38014159509.465973, 18
3376, 1024, 0.444367, 39831857181.113815, 18
3376, 1024, 0.491911, 35982043255.792206, 18
3376, 1024, 0.464905, 38072214495.434555, 18
3376, 1024, 0.486373, 36391746416.844688, 18
3376, 1024, 0.452537, 39112741897.347626, 19
3376, 1024, 0.463425, 38193802405.998817, 19
3376, 1024, 0.452107, 39149942115.472664, 19
3376, 1024, 0.430306, 41133432673.492821, 19
3376, 1024, 0.427812, 41373226744.457848, 19
3376, 1024, 0.438316, 40381740296.954712, 19
3376, 1024, 0.439530, 40270204263.645256, 19
3376, 1024, 0.466582, 37935374446.506721, 19
3376, 1024, 0.439700, 40254634705.481010, 19
3376, 1024, 0.449692, 39360190708.307022, 19
3376, 1024, 6.520936, 2714328568.782150, 1
3376, 1024, 6.572980, 2692836868.513216, 1
3376, 1024, 6.879215, 2572962595.296120, 1
3376, 1024, 6.584379, 2688174978.991944, 1
3376, 1024, 6.796589, 2604242051.417263, 1
3376, 1024, 6.633680, 2668196669.118800, 1
3376, 1024, 6.429196, 2753060084.029170, 1
3376, 1024, 6.560567, 2697931883.021696, 1
3376, 1024, 6.252618, 2830808291.822721, 1
3376, 1024, 6.583289, 2688620062.099659, 1
3376, 1024, 0.445354, 39743581240.990318, 20
3376, 1024, 0.433490, 40831306097.026459, 20
3376, 1024, 0.433733, 40808430255.479759, 20
3376, 1024, 0.442335, 40014836899.634895, 20
3376, 1024, 0.423151, 41828952028.944748, 20
3376, 1024, 0.453495, 39030116936.239655, 20
3376, 1024, 0.449617, 39366756328.163750, 20
3376, 1024, 0.451509, 39201794161.356697, 20
3376, 1024, 0.442760, 39976427138.856270, 20
3376, 1024, 0.450238, 39312458921.725845, 20
3376, 1024, 0.419378, 42205272761.089043, 21
3376, 1024, 0.446408, 39649743911.399437, 21
3376, 1024, 0.431041, 41063293004.609772, 21
3376, 1024, 0.431876, 40983900193.574081, 21
3376, 1024, 0.432055, 40966920600.386528, 21
3376, 1024, 0.412854, 42872208771.139435, 21
3376, 1024, 0.439913, 40235143948.917175, 21
3376, 1024, 0.409836, 43187916337.266617, 21
3376, 1024, 0.449706, 39358965368.485191, 21
3376, 1024, 0.411917, 42969731475.030167, 21
3376, 1024, 0.430621, 41103343496.949753, 22
3376, 1024, 0.423241, 41820057319.588608, 22
3376, 1024, 0.433512, 40829233977.375488, 22
3376, 1024, 0.421315, 42011233590.069191, 22
3376, 1024, 0.423305, 41813734494.040939, 22
3376, 1024, 0.443669, 39894522448.041222, 22
3376, 1024, 0.418908, 42252625588.434692, 22
3376, 1024, 0.451844, 39172729703.171890, 22
3376, 1024, 0.427037, 41448312160.304611, 22
3376, 1024, 0.420609, 42081750224.079849, 22
3376, 1024, 0.426457, 41504683660.955269, 23
3376, 1024, 0.414608, 42690837803.419136, 23
3376, 1024, 0.437254, 40479819235.501564, 23
3376, 1024, 0.413062, 42850620197.452202, 23
3376, 1024, 0.417680, 42376850411.798508, 23
3376, 1024, 0.411258, 43038586191.636398, 23
3376, 1024, 0.434455, 40740612675.651108, 23
3376, 1024, 0.407187, 43468880096.859680, 23
3376, 1024, 0.421845, 41958451279.498398, 23
3376, 1024, 0.430163, 41147106747.907196, 23
3376, 1024, 0.414651, 42686410692.365387, 24
3376, 1024, 0.425805, 41568236352.320900, 24
3376, 1024, 0.417625, 42382431319.964088, 24
3376, 1024, 0.417707, 42374111231.078247, 24
3376, 1024, 0.433077, 40870244506.173271, 24
3376, 1024, 0.407367, 43449672850.279968, 24
3376, 1024, 0.423958, 41749331018.638641, 24
3376, 1024, 0.414742, 42677044716.956566, 24
3376, 1024, 0.419649, 42178017533.700783, 24
3376, 1024, 0.412577, 42900992735.901421, 24
3376, 1024, 0.412908, 42866601954.914894, 25
3376, 1024, 0.420709, 42071747645.046814, 25
3376, 1024, 0.414959, 42654727045.322556, 25
3376, 1024, 0.418790, 42264530862.723564, 25
3376, 1024, 0.424171, 41728366342.819290, 25
3376, 1024, 0.421618, 41981041796.128250, 25
3376, 1024, 0.418619, 42281795331.793350, 25
3376, 1024, 0.416221, 42525396075.642509, 25
3376, 1024, 0.386517, 45793491308.273636, 25
3376, 1024, 0.419234, 42219769579.757370, 25
3376, 1024, 0.403392, 43877823258.765671, 26
3376, 1024, 0.408617, 43316755984.210152, 26
3376, 1024, 0.420871, 42055553554.414536, 26
3376, 1024, 0.406602, 43531421094.829834, 26
3376, 1024, 0.409770, 43194872440.637436, 26
3376, 1024, 0.418080, 42336306161.500191, 26
3376, 1024, 0.410585, 43109131799.749138, 26
3376, 1024, 0.432077, 40964834693.816147, 26
3376, 1024, 0.407698, 43414397127.285393, 26
3376, 1024, 0.409483, 43225147026.860703, 26
3376, 1024, 0.396719, 44615868864.359917, 27
3376, 1024, 0.416694, 42477124412.638527, 27
3376, 1024, 0.423089, 41835081696.758842, 27
3376, 1024, 0.412352, 42924401676.237778, 27
3376, 1024, 0.426910, 41460642477.337151, 27
3376, 1024, 0.415544, 42594678012.436714, 27
3376, 1024, 0.409819, 43189707846.634735, 27
3376, 1024, 0.415124, 42637773002.765442, 27
3376, 1024, 0.412787, 42879167415.640518, 27
3376, 1024, 0.422682, 41875364647.654739, 27
3376, 1024, 0.420682, 42074447872.739983, 28
3376, 1024, 0.409567, 43216281780.514549, 28
3376, 1024, 0.424713, 41675114441.987885, 28
3376, 1024, 0.421064, 42036276860.524765, 28
3376, 1024, 0.429005, 41258173867.437447, 28
3376, 1024, 0.410252, 43144123319.325684, 28
3376, 1024, 0.409318, 43242571496.977905, 28
3376, 1024, 0.415514, 42597753336.831009, 28
3376, 1024, 0.428433, 41313257568.861404, 28
3376, 1024, 0.426810, 41470356552.095787, 28
3376, 1024, 3.347936, 5286828326.467412, 2
3376, 1024, 3.235241, 5470987441.121079, 2
3376, 1024, 3.355283, 5275251858.039992, 2
3376, 1024, 3.274340, 5405658202.874473, 2
3376, 1024, 3.389945, 5221312699.763565, 2
3376, 1024, 3.206272, 5520418379.975249, 2
3376, 1024, 3.264585, 5421811005.074152, 2
3376, 1024, 3.229438, 5480818297.177403, 2
3376, 1024, 3.172934, 5578421385.380219, 2
3376, 1024, 3.203847, 5524596798.785959, 2
3376, 1024, 2.173270, 8144392035.964238, 3
3376, 1024, 2.257873, 7839219867.547909, 3
3376, 1024, 2.317603, 7637185005.369772, 3
3376, 1024, 2.158193, 8201288244.378515, 3
3376, 1024, 2.254755, 7850060374.630504, 3
3376, 1024, 2.262123, 7824491807.032598, 3
3376, 1024, 2.188233, 8088701194.068457, 3
3376, 1024, 2.142296, 8262146258.033437, 3
3376, 1024, 2.135970, 8286615860.709655, 3
3376, 1024, 2.143179, 8258742214.252753, 3
3376, 1024, 1.663922, 10637495555.681097, 4
3376, 1024, 1.747236, 10130264532.095264, 4
3376, 1024, 1.715100, 10320076310.419218, 4
3376, 1024, 1.787595, 9901550899.392759, 4
3376, 1024, 1.683805, 10511884024.575293, 4
3376, 1024, 1.771255, 9992893671.436354, 4
3376, 1024, 1.683115, 10516193415.185535, 4
3376, 1024, 1.817635, 9737908259.909168, 4
3376, 1024, 1.726332, 10252931000.525970, 4
3376, 1024, 1.693889, 10449305048.914066, 4
3376, 1024, 1.432932, 12352269947.213127, 5
3376, 1024, 1.427705, 12397493095.562458, 5
3376, 1024, 1.325191, 13356537193.506445, 5
3376, 1024, 1.400236, 12640699767.753435, 5
3376, 1024, 1.313484, 13475583166.601191, 5
3376, 1024, 1.372224, 12898741663.168697, 5
3376, 1024, 1.372376, 12897313039.575159, 5
3376, 1024, 1.345497, 13154962723.811350, 5
3376, 1024, 1.429018, 12386102120.477140, 5
3376, 1024, 1.358597, 13028118625.317146, 5
3376, 1024, 1.184605, 14941658088.561167, 6
3376, 1024, 1.218404, 14527170692.151371, 6
3376, 1024, 1.109920, 15947061842.294939, 6
3376, 1024, 1.259511, 14053043506.567230, 6
3376, 1024, 1.176637, 15042840638.191729, 6
3376, 1024, 1.184000, 14949292972.972973, 6
3376, 1024, 1.163377, 15214296724.105772, 6
3376, 1024, 1.241967, 14251556506.734880, 6
3376, 1024, 1.233058, 14354525804.949970, 6
3376, 1024, 1.190802, 14863900866.810772, 6
3376, 1024, 1.018097, 17385340375.229473, 7
3376, 1024, 1.036276, 17080355889.743660, 7
3376, 1024, 1.006778, 17580800216.135036, 7
3376, 1024, 1.023345, 17296183476.735607, 7
3376, 1024, 1.027093, 17233067385.329273, 7
3376, 1024, 1.048399, 16882849831.028070, 7
3376, 1024, 1.023748, 17289374807.081429, 7
3376, 1024, 1.029226, 17197353040.051456, 7
3376, 1024, 1.048412, 16882640488.662855, 7
3376, 1024, 1.035298, 17096490942.704418, 7
3376, 1024, 0.892003, 19842940976.655907, 8
3376, 1024, 0.889062, 19908581043.841713, 8
3376, 1024, 0.944818, 18733727426.869514, 8
3376, 1024, 0.897366, 19724352025.817783, 8
3376, 1024, 0.914971, 19344834841.760014, 8
3376, 1024, 0.914636, 19351920195.575069, 8
3376, 1024, 0.930968, 19012428869.735588, 8
3376, 1024, 0.909349, 19464433215.410145, 8
3376, 1024, 0.949776, 18635934030.760937, 8
3376, 1024, 0.917264, 19296476129.009750, 8
3376, 1024, 0.769764, 22994012294.677330, 9
3376, 1024, 0.850556, 20809873635.598362, 9
3376, 1024, 0.814223, 21738470762.923672, 9
3376, 1024, 0.808881, 21882035651.721329, 9
3376, 1024, 0.771999, 22927442755.754864, 9
3376, 1024, 0.852806, 20754969922.819492, 9
3376, 1024, 0.827521, 21389140432.689926, 9
3376, 1024, 0.835438, 21186446965.543823, 9
3376, 1024, 0.799951, 22126308836.416233, 9
3376, 1024, 0.836781, 21152443566.476772, 9
