iterations, matrix_dim, etime, flops, cores
3488, 2048, 7.139970, 10244953656.668026, 9
3488, 2048, 6.226202, 11748520488.092098, 9
3488, 2048, 5.460877, 13395039251.021402, 9
3488, 2048, 6.869734, 10647961298.064816, 9
3488, 2048, 5.618112, 13020150142.966179, 9
3488, 2048, 5.677109, 12884843634.321625, 9
3488, 2048, 6.344338, 11529754839.669640, 9
3488, 2048, 5.815212, 12578846955.192692, 9
3488, 2048, 5.739320, 12745179178.021090, 9
3488, 2048, 5.479441, 13349657704.134418, 9
3488, 2048, 5.825396, 12556856522.715366, 8
3488, 2048, 6.265350, 11675111807.002003, 8
3488, 2048, 6.597766, 11086883311.714905, 8
3488, 2048, 5.584371, 13098818427.357351, 8
3488, 2048, 6.974182, 10488493383.166656, 8
3488, 2048, 5.572174, 13127490591.643404, 8
3488, 2048, 6.386595, 11453468046.744783, 8
3488, 2048, 6.211767, 11775821881.277905, 8
3488, 2048, 6.702254, 10914039032.241989, 8
3488, 2048, 6.348774, 11521698797.279602, 8
3488, 2048, 6.946995, 10529540003.987335, 7
3488, 2048, 6.221269, 11757836184.225437, 7
3488, 2048, 7.368629, 9927038226.514050, 7
3488, 2048, 7.865305, 9300168494.419479, 7
3488, 2048, 7.853261, 9314431515.774149, 7
3488, 2048, 7.119130, 10274943955.230484, 7
3488, 2048, 7.225429, 10123781129.120499, 7
3488, 2048, 7.237869, 10106381002.474623, 7
3488, 2048, 6.700226, 10917342453.821707, 7
3488, 2048, 7.262674, 10071863580.824364, 7
3488, 2048, 9.096392, 8041502802.429799, 6
3488, 2048, 7.673695, 9532391078.873997, 6
3488, 2048, 7.984444, 9161397056.576513, 6
3488, 2048, 8.868114, 8248502642.162696, 6
3488, 2048, 7.228841, 10119002722.566452, 6
3488, 2048, 7.527150, 9717975828.832958, 6
3488, 2048, 8.760587, 8349744344.756807, 6
3488, 2048, 8.360854, 8748946191.381886, 6
3488, 2048, 7.419639, 9858789862.956944, 6
3488, 2048, 7.541563, 9699403394.230082, 6
3488, 2048, 9.714677, 7529706006.694818, 5
3488, 2048, 9.819487, 7449336381.829315, 5
3488, 2048, 9.648147, 7581628032.823298, 5
3488, 2048, 9.391228, 7789041194.612675, 5
3488, 2048, 9.717661, 7527393861.547547, 5
3488, 2048, 10.151159, 7205941879.148973, 5
3488, 2048, 10.280732, 7115121934.897243, 5
3488, 2048, 9.806466, 7459227591.264784, 5
3488, 2048, 9.857994, 7420238007.854337, 5
3488, 2048, 9.366195, 7809858940.583663, 5
3488, 2048, 11.978292, 6106768958.379041, 4
3488, 2048, 11.827499, 6184626332.244882, 4
3488, 2048, 10.566898, 6922434735.340494, 4
3488, 2048, 9.215465, 7937598565.020864, 4
3488, 2048, 9.332945, 7837682720.727487, 4
3488, 2048, 10.838358, 6749053847.455491, 4
3488, 2048, 9.914598, 7377874701.525972, 4
3488, 2048, 10.882538, 6721654614.024779, 4
3488, 2048, 9.986435, 7324802270.279634, 4
3488, 2048, 11.606457, 6302410956.246165, 4
3488, 2048, 17.354497, 4214968705.805764, 3
3488, 2048, 17.363783, 4212714577.232392, 3
3488, 2048, 17.129427, 4270350768.884447, 3
3488, 2048, 17.198756, 4253136782.683585, 3
3488, 2048, 16.491173, 4435625152.922718, 3
3488, 2048, 16.524224, 4426753217.579234, 3
3488, 2048, 16.445218, 4448020194.077086, 3
3488, 2048, 16.658064, 4391186260.300117, 3
3488, 2048, 17.603296, 4155395771.337368, 3
3488, 2048, 16.876251, 4334414187.131965, 3
3488, 2048, 20.841337, 3509787388.400274, 2
3488, 2048, 18.927768, 3864621637.374253, 2
3488, 2048, 19.616240, 3728984849.288141, 2
3488, 2048, 18.271934, 4003334390.327811, 2
3488, 2048, 18.645189, 3923192291.587927, 2
3488, 2048, 18.012618, 4060967803.791764, 2
3488, 2048, 18.497990, 3954411358.207026, 2
3488, 2048, 19.756251, 3702557826.381129, 2
3488, 2048, 19.016999, 3846488174.080464, 2
3488, 2048, 16.975049, 4309187075.689737, 2
3488, 2048, 2.183336, 33503162939.648315, 28
3488, 2048, 1.982787, 36891840505.308945, 28
3488, 2048, 2.346831, 31169122003.246082, 28
3488, 2048, 2.150288, 34018076536.724380, 28
3488, 2048, 1.826428, 40050120650.800362, 28
3488, 2048, 2.234954, 32729381347.446075, 28
3488, 2048, 2.009282, 36405373541.394394, 28
3488, 2048, 3.221011, 22709845374.635479, 28
3488, 2048, 1.777645, 41149195570.544174, 28
3488, 2048, 2.132569, 34300724506.452076, 28
3488, 2048, 2.156126, 33925968037.118423, 27
3488, 2048, 1.808026, 40457748815.559067, 27
3488, 2048, 2.058866, 35528617093.098824, 27
3488, 2048, 1.912408, 38249506255.987221, 27
3488, 2048, 1.857713, 39375652622.337250, 27
3488, 2048, 2.045171, 35766526006.871803, 27
3488, 2048, 1.854691, 39439810599.177979, 27
3488, 2048, 1.824995, 40081568311.146057, 27
3488, 2048, 2.506462, 29184029823.711670, 27
3488, 2048, 1.904306, 38412241393.977646, 27
3488, 2048, 1.914422, 38209267214.856491, 26
3488, 2048, 1.844462, 39658535529.601585, 26
3488, 2048, 1.997791, 36614771895.558647, 26
3488, 2048, 2.079259, 35180158777.718407, 26
3488, 2048, 3.202853, 22838594765.354511, 26
3488, 2048, 2.075952, 35236200914.086647, 26
3488, 2048, 1.924208, 38014945245.004700, 26
3488, 2048, 2.258551, 32387429710.464806, 26
3488, 2048, 1.820909, 40171508713.505180, 26
3488, 2048, 2.456522, 29777328173.735062, 26
3488, 2048, 2.100676, 34821486873.749214, 25
3488, 2048, 2.387222, 30641750855.178112, 25
3488, 2048, 2.027815, 36072650493.264923, 25
3488, 2048, 2.627978, 27834579193.585331, 25
3488, 2048, 2.309421, 31674026416.145000, 25
3488, 2048, 2.020358, 36205792121.990265, 25
3488, 2048, 2.036544, 35918036516.765656, 25
3488, 2048, 2.094233, 34928616710.748039, 25
3488, 2048, 2.195348, 33319848042.314930, 25
3488, 2048, 2.074556, 35259911884.759926, 25
3488, 2048, 2.272336, 32190953168.897556, 24
3488, 2048, 2.434495, 30046749638.015274, 24
3488, 2048, 2.073194, 35283076142.416000, 24
3488, 2048, 2.505328, 29197239547.077271, 24
3488, 2048, 1.933685, 37828633805.402641, 24
3488, 2048, 2.285657, 32003341603.748943, 24
3488, 2048, 2.189059, 33415573431.323689, 24
3488, 2048, 2.053204, 35626592272.370399, 24
3488, 2048, 2.042245, 35817770032.488762, 24
3488, 2048, 2.519067, 29037997703.117859, 24
3488, 2048, 2.206230, 33155501357.519386, 23
3488, 2048, 2.127738, 34378603831.862762, 23
3488, 2048, 2.239974, 32656031614.652668, 23
3488, 2048, 2.236829, 32701946264.108696, 23
3488, 2048, 2.062938, 35458487729.636086, 23
3488, 2048, 2.518193, 29048076045.005287, 23
3488, 2048, 2.082670, 35122540661.746704, 23
3488, 2048, 2.116238, 34565423057.330978, 23
3488, 2048, 2.093442, 34941814370.782661, 23
3488, 2048, 2.606453, 28064446878.574062, 23
3488, 2048, 2.526647, 28950883031.939167, 22
3488, 2048, 2.191673, 33375718804.766949, 22
3488, 2048, 2.237404, 32693542051.413155, 22
3488, 2048, 2.203321, 33199275893.072323, 22
3488, 2048, 2.549687, 28689271177.207241, 22
3488, 2048, 3.028161, 24156133626.976902, 22
3488, 2048, 2.049087, 35698172776.460930, 22
3488, 2048, 2.186811, 33449924003.491840, 22
3488, 2048, 2.499133, 29269615406.623016, 22
3488, 2048, 2.410206, 30349547615.432041, 22
3488, 2048, 2.536415, 28839390147.117092, 21
3488, 2048, 2.161342, 33844093974.947048, 21
3488, 2048, 2.079062, 35183492247.946434, 21
3488, 2048, 2.765586, 26449606615.017578, 21
3488, 2048, 2.231195, 32784522087.939423, 21
3488, 2048, 2.444248, 29926857569.281021, 21
3488, 2048, 2.288800, 31959394337.644176, 21
3488, 2048, 2.580913, 28342164869.563602, 21
3488, 2048, 2.498250, 29279960676.473530, 21
3488, 2048, 2.416785, 30266929726.889236, 21
3488, 2048, 2.037799, 35895916015.269417, 20
3488, 2048, 3.168593, 23085534102.991455, 20
3488, 2048, 2.284896, 32014000532.190525, 20
3488, 2048, 2.190606, 33391975444.237808, 20
3488, 2048, 2.576206, 28393948993.209393, 20
3488, 2048, 2.215353, 33018964363.692829, 20
3488, 2048, 2.801486, 26110664754.348228, 20
3488, 2048, 2.708835, 27003734727.290512, 20
3488, 2048, 2.504372, 29208385080.171795, 20
3488, 2048, 2.379232, 30744652795.523933, 20
3488, 2048, 61.630068, 1186898929.918429, 1
3488, 2048, 58.794009, 1244151623.679889, 1
3488, 2048, 58.852754, 1242909749.983833, 1
3488, 2048, 58.964482, 1240554640.334159, 1
3488, 2048, 59.458670, 1230243827.519183, 1
3488, 2048, 59.119728, 1237296994.329879, 1
3488, 2048, 62.829936, 1164232632.037060, 1
3488, 2048, 61.196736, 1195303320.752270, 1
3488, 2048, 58.121637, 1258544417.116125, 1
3488, 2048, 59.165107, 1236348000.858006, 1
3488, 2048, 2.507891, 29167400720.366238, 19
3488, 2048, 2.462526, 29704726674.967087, 19
3488, 2048, 2.781631, 26297040031.549835, 19
3488, 2048, 2.397539, 30509894420.904102, 19
3488, 2048, 2.187230, 33443516118.560921, 19
3488, 2048, 2.360487, 30988800938.111500, 19
3488, 2048, 2.239712, 32659851695.217957, 19
3488, 2048, 2.687884, 27214218232.632065, 19
3488, 2048, 2.356268, 31044287729.579147, 19
3488, 2048, 3.079818, 23750968972.841904, 19
3488, 2048, 2.765486, 26450563033.043739, 18
3488, 2048, 2.239241, 32666721339.954033, 18
3488, 2048, 2.767756, 26428869365.652176, 18
3488, 2048, 2.773225, 26376749726.401573, 18
3488, 2048, 2.478351, 29515053259.203400, 18
3488, 2048, 2.749577, 26603605485.498314, 18
3488, 2048, 2.439909, 29980077847.165611, 18
3488, 2048, 2.893582, 25279622889.553501, 18
3488, 2048, 2.478151, 29517435281.385193, 18
3488, 2048, 2.554263, 28637873922.928059, 18
3488, 2048, 3.161403, 23138037687.697521, 17
3488, 2048, 2.531864, 28891228659.991215, 17
3488, 2048, 2.322381, 31497270155.069302, 17
3488, 2048, 2.857274, 25600856536.684967, 17
3488, 2048, 2.317496, 31563662573.743389, 17
3488, 2048, 3.010131, 24300823372.803379, 17
3488, 2048, 2.917077, 25076013338.009247, 17
3488, 2048, 3.190743, 22925275323.020374, 17
3488, 2048, 3.267048, 22389833807.155575, 17
3488, 2048, 2.485566, 29429378161.754707, 17
3488, 2048, 2.945565, 24833490946.558643, 16
3488, 2048, 2.597723, 28158761253.605564, 16
3488, 2048, 2.994468, 24427932360.606293, 16
3488, 2048, 3.077523, 23768680773.466194, 16
3488, 2048, 3.218453, 22727894973.143932, 16
3488, 2048, 2.560407, 28569153950.914833, 16
3488, 2048, 3.031616, 24128603939.285187, 16
3488, 2048, 2.885578, 25349743365.107445, 16
3488, 2048, 3.057443, 23924783474.295349, 16
3488, 2048, 2.765937, 26446250135.125999, 16
3488, 2048, 3.215458, 22749064599.817509, 15
3488, 2048, 3.895108, 18779623507.230095, 15
3488, 2048, 3.546596, 20625033626.609852, 15
3488, 2048, 3.737166, 19573297455.879669, 15
3488, 2048, 2.714873, 26943677203.316692, 15
3488, 2048, 3.177209, 23022930427.302704, 15
3488, 2048, 3.177851, 23018279258.530373, 15
3488, 2048, 3.123332, 23420072461.076824, 15
3488, 2048, 3.365456, 21735141318.145298, 15
3488, 2048, 2.949211, 24802790224.232853, 15
3488, 2048, 4.248152, 17218937024.852219, 14
3488, 2048, 4.266478, 17144975729.395533, 14
3488, 2048, 3.625138, 20178173012.999779, 14
3488, 2048, 3.957664, 18482787260.363689, 14
3488, 2048, 3.264274, 22408860824.795959, 14
3488, 2048, 4.067502, 17983681817.488964, 14
3488, 2048, 3.931229, 18607072180.226589, 14
3488, 2048, 3.236509, 22601099443.876102, 14
3488, 2048, 3.873081, 18886427048.646801, 14
3488, 2048, 2.978975, 24554976715.145309, 14
3488, 2048, 3.575380, 20458989466.853874, 13
3488, 2048, 3.936739, 18581029059.838615, 13
3488, 2048, 3.637173, 20111405687.879021, 13
3488, 2048, 3.501009, 20893594320.951477, 13
3488, 2048, 4.077164, 17941064367.290600, 13
3488, 2048, 3.933508, 18596291595.186790, 13
3488, 2048, 3.652339, 20027894935.272984, 13
3488, 2048, 5.025617, 14555160442.986404, 13
3488, 2048, 3.766514, 19420785840.700447, 13
3488, 2048, 3.862993, 18935747944.663631, 13
3488, 2048, 4.891368, 14954642905.624765, 12
3488, 2048, 3.333475, 21943665922.198307, 12
3488, 2048, 6.018994, 12152971370.298758, 12
3488, 2048, 3.821518, 19141257939.907650, 12
3488, 2048, 4.167740, 17551157644.190857, 12
3488, 2048, 5.032677, 14534741999.138828, 12
3488, 2048, 4.669119, 15666480498.783602, 12
3488, 2048, 3.934159, 18593214397.282875, 12
3488, 2048, 3.960472, 18469682845.883018, 12
3488, 2048, 4.292876, 17039546858.562885, 12
3488, 2048, 4.912063, 14891637538.036463, 11
3488, 2048, 5.217893, 14018812145.055485, 11
3488, 2048, 4.041011, 18101574521.821396, 11
3488, 2048, 4.736350, 15444099730.805368, 11
3488, 2048, 5.142516, 14224294442.642473, 11
3488, 2048, 4.768605, 15339635335.700903, 11
3488, 2048, 4.841378, 15109058156.582693, 11
3488, 2048, 4.890419, 14957544897.482201, 11
3488, 2048, 3.832295, 19087429793.374466, 11
3488, 2048, 4.850059, 15082014829.097956, 11
3488, 2048, 4.238961, 17256271468.409359, 10
3488, 2048, 6.259357, 11686290102.961056, 10
3488, 2048, 5.182257, 14115213074.148966, 10
3488, 2048, 6.322077, 11570352869.792633, 10
3488, 2048, 5.147873, 14209492300.994995, 10
3488, 2048, 5.431974, 13466312938.905819, 10
3488, 2048, 5.534708, 13216354279.214006, 10
3488, 2048, 6.063958, 12062857585.755045, 10
3488, 2048, 4.517830, 16191105411.226187, 10
3488, 2048, 4.984036, 14676591774.216721, 10
